08
E0
02
B3
08
1C
02
B4
08
00
02
01
08
00
02
00
08
00
02
03
00
03
02
B0
44
44
44
44
02
02
00
00
02
B1
44
44
44
44
01
02
04
34
34
34
34
34
34
34
44
44
44
44
44
44
44
02
B2
00
03
54
02
03
07
42
07
80
09
00
00
03
06
4A
07
14
00
00
54
02
00
09
80
00
00
06
57
07
10
07
57
00
00
00
00
00
00
00
00
00
00
00
00
00
00
00
00
00
00
00
00
00
00
00
00
00
00
00
00
00
00
00
00
00
00
00
00
00
00
00
00
01
54
02
01
09
03
00
01
06
A5
09
01
00
01
06
9B
08
03
02
B3
08
E0
02
B4
07
B1
08
1C
02
B3
08
03
02
B4
07
B1
08
00
02
01
08
E0
02
B3
08
1C
02
B4
0A
00
00
00
00
00
00
00
00
00
00
00
00
00
00
00
00
00
00
00
00
00
00
00
00
00
00
00
00
00
00
00
00
00
00
00
00
00
00
00
00
00
00
00
00
00
00
00
00
00
00
00
00
00
00
00
00
00
00
00
00
00
00
00
00
00
00
00
00
00
00
00
00
00
00
00
00
00
00